1.851000E-01 1.851000E-01 2.794000E-01 2.794000E-01 2.979000E-01 5.712000E-01
6.170000E-01 1.043300E+00 1.043300E+00 1.319200E+00 1.335800E+00 1.485100E+00
1.484000E+00 1.559000E+00 1.565000E+00 1.569000E+00 1.570000E+00 1.569000E+00
1.565000E+00 1.559000E+00 1.484000E+00 1.485100E+00 1.335800E+00 1.319200E+00
1.043300E+00 1.043300E+00 9.310000E-01 8.530000E-01 6.640000E-01 6.170000E-01
5.712000E-01 2.979000E-01 2.794000E-01 2.794000E-01 1.851000E-01 1.851000E-01
0.000000E+00 1.008100E+00 1.171400E+00 1.578000E+00 1.603400E+00 1.603400E+00
1.628000E+00 1.460290E+00 1.430000E+00 1.039700E+00 9.976000E-01 5.450000E-01
4.900000E-01 1.141000E-01 7.636000E-02 3.826100E-02 0.000000E+00 -3.826100E-02
-7.636000E-02 -1.141000E-01 -4.900000E-01 -5.450000E-01 -9.976000E-01 -1.039700E+00
-1.430000E+00 -1.460290E+00 -1.504000E+00 -1.519900E+00 -1.591600E+00 -1.628000E+00
-1.603400E+00 -1.603400E+00 -1.578000E+00 -1.171400E+00 -1.008100E+00 0.000000E+00