1.850999999999999868e-01
0.000000000000000000e+00
1.850999999999999868e-01
1.008099999999999996e+00
2.793999999999999817e-01
1.171399999999999997e+00
2.793999999999999817e-01
1.578000000000000069e+00
2.978999999999999981e-01
1.603399999999999936e+00
5.712000000000000410e-01
1.603399999999999936e+00
6.169999999999999929e-01
1.627999999999999892e+00
1.043299999999999894e+00
1.460290000000000088e+00
1.043299999999999894e+00
1.429999999999999938e+00
1.319199999999999928e+00
1.039700000000000069e+00
1.335800000000000098e+00
9.976000000000000423e-01
1.485100000000000087e+00
5.450000000000000400e-01
1.483999999999999986e+00
4.899999999999999911e-01
1.558999999999999941e+00
1.140999999999999931e-01
1.564999999999999947e+00
7.635999999999999732e-02
1.568999999999999950e+00
3.826100000000000334e-02
1.570000000000000062e+00
0.000000000000000000e+00
1.568999999999999950e+00
-3.826100000000000334e-02
1.564999999999999947e+00
-7.635999999999999732e-02
1.558999999999999941e+00
-1.140999999999999931e-01
1.483999999999999986e+00
-4.899999999999999911e-01
1.485100000000000087e+00
-5.450000000000000400e-01
1.335800000000000098e+00
-9.976000000000000423e-01
1.319199999999999928e+00
-1.039700000000000069e+00
1.043299999999999894e+00
-1.429999999999999938e+00
1.043299999999999894e+00
-1.460290000000000088e+00
9.310000000000000497e-01
-1.504000000000000004e+00
8.529999999999999805e-01
-1.519900000000000029e+00
6.640000000000000346e-01
-1.591599999999999904e+00
6.169999999999999929e-01
-1.627999999999999892e+00
5.712000000000000410e-01
-1.603399999999999936e+00
2.978999999999999981e-01
-1.603399999999999936e+00
2.793999999999999817e-01
-1.578000000000000069e+00
2.793999999999999817e-01
-1.171399999999999997e+00
1.850999999999999868e-01
-1.008099999999999996e+00
1.850999999999999868e-01
0.000000000000000000e+00
